nefnd_id,nefnd;fjöldi funda;heildarfundartími;fjöldi mála;mnr
205;velferðarnefnd;50;0:37:00;25;70,24,10,294,19,186,147,3,378,144,517,28,223,185,1,89,34,160,5,222,71,22,23,159,335;
202;efnahags- og viðskiptanefnd;81;2:00:00;39;9,168,205,59,189,392,165,402,426,18,238,3,177,524,166,175,265,2,7,220,15,413,274,1,157,179,11,485,204,236,132,338,4,484,315,373,506,316,156;
201;allsherjar- og menntamálanefnd;77;2:00:00;38;148,29,182,268,246,163,417,201,94,109,232,267,414,97,266,251,136,161,380,92,250,351,249,481,283,90,91,233,196,176,561,37,93,195,228,6,213,200;
203;atvinnuveganefnd;71;1:00:00;26;107,178,319,499,59,139,568,235,210,237,140,60,14,110,293,146,16,211,198,256,153,375,138,137,164,187;
207;fjárlaganefnd;69;3:59:00;8;485,10,1,484,377,199,508,306;
132;Íslandsdeild Alþjóðaþingmannasambandsins;2;1:00:00;0;;
206;stjórnskipunar- og eftirlitsnefnd;56;1:55:00;9;488,62,158,86,183,67,271,145,13;
148;utanríkismálanefnd;62;1:53:00;28;320,327,43,20,78,288,227,318,565,38,340,329,44,88,348,328,1,349,350,275,292,344,42,228,74,77,73,206;
204;umhverfis- og samgöngunefnd;53;2:31:00;25;120,59,167,61,217,616,102,152,60,282,284,221,495,215,96,376,17,216,600,512,122,95,214,234,467;
137;Íslandsdeild Norðurlandaráðs;8;-1 day, 18:25:00;0;;
216;þingskapanefnd;11;2:00:00;0;;
200;Íslandsdeild þingmannanefnda EFTA og EES;1;1:00:00;0;;
195;Þingmannanefnd Íslands og Evrópusambandsins af hálfu Alþingis;2;0:30:00;0;;
140;Íslandsdeild Vestnorræna ráðsins;2;1:00:00;0;;
134;Íslandsdeild Evrópuráðsþingsins;4;0:30:00;0;;
142;Íslandsdeild þingmannaráðstefnunnar um norðurskautsmál;1;4:49:00;0;;
